X
68457.86803
61945.99121
56718.60324
68194.80651
69772.60877
69968.01359
70494.8028
70183.64041
63403.09662
56944.20055
67394.89988
68346.87854
68721.00799
69099.89062
69420.40226
63199.97017
57411.80917
68759.19507
70148.35878
70018.90499
61741.00272
64369.53204
59845.89934
55507.28858
66925.82967
67538.05183
64835.89009
62868.32488
61475.36759
55788.93963
48646.21179
59162.42375
61289.99083
61765.27046
62968.44967
62938.02679
57516.9968
51144.09883
61821.02487
63672.64046
64380.01704
64081.3896
62704.746
56506.42254
50951.81746
61279.91408
62844.02771
62614.98742
62788.02008
63016.77096
57976.92492
52393.67057
61597.99896
61701.90037
60893.78937
54393.43292
58072.3175
54874.11092
50588.17671
61177.77292
62805.15604
63072.63554
63626.42554
63160.53262
57866.60675
52510.73462
62638.32108
63270.22708
63052.96596
62159.1025
61155.53229
55611.43329
49255.66396
57673.87604
59824.69121
60510.13629
60812.55875
60547.38812
55600.46737
49733.7975
59400.56158
61061.10212
61096.76296
60636.86246
59206.02596
54442.57046
48852.78942
58454.83758
59942.77479
60258.00612
60492.94983
59888.84921
55046.704
49513.46596
59044.77637
60682.18262
60527.03071
60708.72621
60425.98662
54142.51271
49422.52775
59697.93725
62024.06596
62003.79267
62043.70029
61917.87204
56790.07967
49729.06621
58954.50246
60479.68112
60582.46012
60819.3595
60308.35796
55113.174
49650.11875
59297.81717
61185.15804
61839.94129
61310.57096
61101.14821
55627.73967
49591.9625
59279.45875
61573.19483
61610.44746
61221.83042
60718.71029
56480.89842
50874.36237
61012.81975
62829.38129
62399.86996
61681.43392
61039.46333
55641.09437
50189.05121
60357.21483
62740.10583
63731.39437
63893.92754
63861.14154
58137.74354
51406.84883
59479.45992
60569.79604
60767.37867
61107.08662
61710.99721
56625.21067
51023.47287
61936.72371
63681.23325
62942.46542
62597.91112
62156.56121
56547.31167
50467.18675
60157.18287
61829.85758
55074.17496
60925.71217
61321.73404
56646.63712
51708.53717
62804.86583
64847.34192
64857.21783
63897.13379
63095.73221
58276.29596
53054.48962
62442.32958
62517.81812
62470.23954
62998.12379
63183.753
57478.20308
51019.39367
60480.52962
62411.563
63092.73571
63332.39925
62942.50625
56954.28808
50149.4325
60426.81933
61902.61171
62105.02879
61283.27545
61046.19217
56551.65242
51340.31562
61071.33629
62828.71992
54948.73579
63453.59975
64422.70183
59432.52158
54190.3427
66020.30883
68402.50012
69333.49817
69117.81317
66672.85567
58936.86125
52862.28708
64262.07192
65728.56317
66463.90967
66163.8
63528.00255
57158.63529
50591.62571
61866.24058
64114.21921
56734.591
64161.71754
63536.88496
57594.66592
52112.40192
63446.50483
65498.83904
65550.001
67024.94167
67048.28787
58848.90737
51347.40037
58470.11754
55159.45329
63650.8195
63859.37996
62086.83958
55096.63675
49745.65208
60946.88783
63859.52371
64336.07442
65120.59167
65307.09308
60008.17087
54937.53996
66548.499
67719.31761
64633.08458
63400.91717
64391.518
59615.97954
53220.64979
63009.79058
65811.13125
67189.73621
66936.86546
67065.19596
61101.49542
56043.27645
66112.85446
67902.45475
66106.41567
63022.914
61456.21433
56878.96612
52757.99772
62137.08983
63510.51767
64219.54511
64702.95396
64377.91583
58166.89487
53078.16771
63058.98942
66235.38333
65734.47292
65059.62608
63004.59183
57870.20504
53575.95875
64045.43008
67956.48192
68191.77121
68761.01342
68450.05629
63996.12267
59296.31262
70131.67596
71560.26879
71254.56033
70055.61942
68668.75192
63403.70971
58438.19875
68917.68362
68922.63675
69676.5886
69149.24337
67802.97183
62531.70083
56383.85733
67353.74467
70013.94846
69672.24671
69995.42125
69209.95312
63342.79834
58200.96112
69847.27437
70360.86621
70088.86533
70247.38275
70151.47392
64765.58529
59079.95087
70099.91186
71043.32221
71012.98058
70480.04592
70475.69562
64443.98237
58145.41325
69636.53683
70978.05104
72090.6955
73011.32275
72760.98379
67265.42483
61609.88454
73546.19621
74066.128
74056.65129
74224.22466
72939.65017
64025.77121
57607.14808
61895.44
62008.8305
68464.76712
71997.44983
71530.53033
65035.07767
59904.76746
70603.21933
72325.38933
72589.81167
73056.92637
72908.84762
66093.53725
60290.38217
70077.46108
70447.92496
70752.26758
71268.83471
70477.96375
62246.34029
54817.45137
64674.78654
66531.70442
67404.26929
67983.11867
68555.72583
63313.24558
57339.15696
67384.31287
67868.76554
66898.36108
66442.50762
65378.74412
59097.26704
53532.38392
64336.73271
66984.5635
67657.54554
67918.65808
67809.10487
62348.813
56672.5435
67698.54575
69106.84046
67663.35217
64925.84296
54006.09908
56471.19242
53652.20246
64861.50846
65749.14808
65199.38871
65091.52871
58122.81646
57960.73571
53055.74146
62515.55812
64620.167
65197.546
65093.82337
62189.47325
56490.29396
49995.30687
49928.59458
60725.52296
62490.316
63383.67883
63648.06571
58422.95654
52610.50521
62381.06771
63303.94933
63785.56746
63454.45504
62800.55983
57861.52508
51938.55021
62905.31554
64587.67441
64408.1315
63945.41692
63510.09229
57832.078
52257.11908
62300.29633
63585.33688
63240.31683
63255.59029
63489.15283
58329.93896
51840.05367
60661.40167
61781.95404
62061.91046
62035.35637
61983.13954
56498.86287
51301.41583
62127.17358
63878.33163
64532.79587
64731.69321
64430.27517
57352.42162
50682.14612
60923.87
62872.59887
63303.28737
56153.36412
59346.38596
55548.54133
51248.58429
61058.69687
62545.59662
61808.42425
61786.50254
60985.36
55670.29017
50139.63883
59554.90817
60980.42492
61184.40771
61491.93746
61177.13204
55770.612
49736.65387
58089.94083
58868.43233
59499.724
60438.69212
60768.47112
55237.72754
49297.73992
58875.84533
60792.84458
60819.54937
61086.44954
60838.78396
55448.65708
50105.90917
59715.51008
60595.20237
60132.69121
60772.85458
60542.4855
55379.83475
49752.90729
59123.07887
60997.73729
61212.899
61117.61429
60763.08321
55545.11271
50019.29896
58997.50921
60499.32133
60836.70671
61312.72962
61119.97608
55757.637
50175.93092
59527.19696
61567.38162
62859.14696
62991.12792
62356.67263
57127.44067
50950.13262
60659.23325
61437.62408
62299.63908
62771.57975
63059.13904
57949.32954
51699.92258
60414.49958
61335.29454
61250.57662
61780.81646
61737.79996
56711.95825
50990.88233
61201.12275
63253.80033
63884.75917
63663.52383
62693.68625
57504.07571
51579.23804
61671.1855
63039.63358
63267.30153
56419.54419
60131.87736
56676.01218
52865.70851
63776.66431
65581.20967
65539.62102
66415.31882
66484.785
59700.35759
53325.65183
63925.616
65270.29483
65396.21521
66389.01321
65855.10083
59921.46133
53561.61912
63488.70896
65093.9545
65892.33525
65770.26967
64388.88183
58114.46546
52596.08275
62821.89583
63611.04442
62630.62446
64042.36812
66058.26875
59667.79083
53437.27442
64775.52287
67541.24704
68387.13658
60116.82062
65107.76183
60471.02346
54083.11222
63893.49592
66261.61367
67518.43608
68186.64462
67958.49842
61641.5375
55178.84512
63449.44779
64260.19833
65477.56629
66077.31525
66585.33571
61358.04579
55590.64887
65045.59062
66066.29187
64357.88667
55942.58608
61524.13767
59129.97075
54184.17083
63334.72629
64117.01687
63886.83242
64624.50812
66119.44196
59668.14125
53000.32375
63853.31608
65308.35287
59628.53075
67781.48729
66940.17642
60633.99367
54789.19196
61934.27821
65501.65117
65614.55712
65395.6995
65612.44192
61010.075
55134.5145
66530.23192
67828.96025
66926.83717
66150.67937
65008.54042
60024.23817
54871.20792
66553.05721
68702.37117
68345.07646
68553.61546
67554.08646
62494.22046
56869.14529
67568.17225
67196.08946
67676.62767
69200.43733
69626.75625
64291.11612
58999.14937
67887.44546
68741.98937
68636.65742
67396.40737
66011.34179
61088.86879
56082.54483
52139.996
61888.72312
65155.44042
65741.202
64205.54525
58968.72362
55354.38537
52689.28704
63308.85158
66305.49671
66194.61517
66446.03633
61925.65683
55443.4145
64355.61254
66184.09133
67563.16383
68452.63046
68355.12892
62964.10954
57565.62733
68095.89542
70141.62202
71165.68269
72821.84458
72785.89475
66063.13758
60058.28804
71434.13071
73356.71725
73508.96142
72339.80658
71459.60021
64289.43383
58769.61008
70121.352
69754.86717
68603.97625
69236.69304
69288.94517
63700.00754
57011.19171
66643.59892
68229.35312
69456.84125
71050.25217
71905.2025
64391.62025
58025.72408
62293.25117
61611.12087
65986.41317
67673.63262
68825.27908
63860.30167
57977.96596
68352.48129
70217.77462
71273.73242
71012.0585
69801.13354
63357.54471
57810.62046
68763.61696
69954.06712
70863.92142
71704.42496
72183.28058
65657.22642
60122.7995
71665.95937
73449.23142
72951.60958
71357.65533
70482.70025
64800.82621
59749.11167
71407.91954
72575.46821
73542.82629
72986.58367
72622.67558
65711.77287
60153.84592
71787.75954
72858.79479
68685.54617
69381.64617
70559.47708
64767.00471
58023.88917
67739.91429
68906.59404
69360.63837
68196.60262
57304.84571
59104.03904