X
1.4451e+05
1.3955e+05
1.3710e+05
1.3137e+05
1.3136e+05
1.4029e+05
1.5256e+05
1.5748e+05
1.5731e+05
1.4604e+05
1.3814e+05
1.3720e+05
1.4399e+05
1.3674e+05
1.3595e+05
1.3301e+05
1.3308e+05
1.4193e+05
1.5151e+05
1.5811e+05
1.5362e+05
1.4136e+05
1.3578e+05
1.4085e+05
1.4939e+05
1.4297e+05
1.4075e+05
1.3583e+05
1.3357e+05
1.4300e+05
1.5420e+05
1.6090e+05
1.5774e+05
1.4182e+05
1.3926e+05
1.4765e+05
1.6054e+05
1.5355e+05
1.4746e+05
1.4231e+05
1.4180e+05
1.4904e+05
1.6301e+05
1.6863e+05
1.6441e+05
1.5098e+05
1.5074e+05
1.6277e+05
1.7235e+05
1.6530e+05
1.5620e+05
1.4793e+05
1.4860e+05
1.5929e+05
1.7500e+05
1.7859e+05
1.7226e+05
1.5935e+05
1.5131e+05
1.6218e+05
176649
169927
163406
150385
151504
165519
179114
184223
182638
166722
159126
168709
185387
181515
173249
161557
159551
166860
178339
187309
179640
165948
162271
169473
179585
178721
174373
161701
154851
164872
185882
196464
190139
170080
162174
175607
1.9195e+05
1.8221e+05
1.7283e+05
1.6352e+05
1.6317e+05
1.7883e+05
1.9781e+05
1.9846e+05
1.8625e+05
1.7135e+05
1.6502e+05
1.7571e+05
1.9208e+05
1.8281e+05
1.7396e+05
1.6451e+05
1.5857e+05
1.6874e+05
1.8357e+05
1.8974e+05
1.7830e+05
1.6342e+05
1.6048e+05
1.7028e+05
1.7918e+05
1.7346e+05
1.6758e+05
1.6381e+05
1.5892e+05
1.7160e+05
1.9415e+05
2.0812e+05
2.0192e+05
1.7631e+05
1.7047e+05
1.8543e+05
2.0725e+05
1.9087e+05
1.8607e+05
1.7535e+05
1.7554e+05
1.8976e+05
2.0447e+05
2.0905e+05
1.9902e+05
1.8229e+05
1.7859e+05
1.8754e+05
2.0260e+05
2.0227e+05
1.8611e+05
1.7853e+05
1.7878e+05
1.9031e+05
2.0520e+05
2.1066e+05
2.0626e+05
1.8473e+05
1.8023e+05
1.9830e+05
2.1026e+05
1.9515e+05
1.8899e+05
1.7847e+05
1.7957e+05
1.9739e+05
2.1927e+05
2.1839e+05
2.0430e+05
1.9419e+05
1.8179e+05
2.0097e+05
2.0972e+05
1.9822e+05
1.9365e+05
1.8476e+05
1.8911e+05
2.0792e+05
2.2930e+05
2.3551e+05
2.1652e+05
1.9723e+05
1.9033e+05
2.0500e+05
2.2577e+05
2.1508e+05
2.0516e+05
1.9262e+05
1.9148e+05
2.1300e+05
2.3753e+05
2.5049e+05
2.2631e+05
2.0551e+05
1.9913e+05
2.1600e+05
2.2562e+05
2.1498e+05
2.1662e+05
2.0193e+05
2.0192e+05
2.2179e+05
2.4029e+05
2.4364e+05
2.3194e+05
2.1149e+05
2.0574e+05
2.3085e+05
2.4088e+05
2.1340e+05
2.1412e+05
2.0517e+05
2.0822e+05
2.2699e+05
2.5153e+05
2.5207e+05
2.4508e+05
2.2230e+05
2.0992e+05
2.2288e+05
2.4125e+05
2.1919e+05
2.1423e+05
2.0637e+05
2.1732e+05
2.3796e+05
2.5693e+05
2.5820e+05
2.4442e+05
2.2156e+05
2.1671e+05
2.2786e+05
2.3876e+05
2.2623e+05
2.2001e+05
2.1196e+05
2.1369e+05
2.2728e+05
2.5309e+05
2.5299e+05
2.3999e+05
2.2479e+05
2.1851e+05
2.3607e+05
2.4325e+05
2.2848e+05
2.3267e+05
2.1583e+05
2.1457e+05
2.3735e+05
2.7021e+05
2.7383e+05
2.5269e+05
2.2833e+05
2.2294e+05
2.4132e+05
2.5986e+05
2.3885e+05
2.3178e+05
2.2007e+05
2.2205e+05
2.5272e+05
2.7801e+05
2.7284e+05
2.5488e+05
2.3376e+05
2.2653e+05
2.4322e+05
2.5528e+05
2.3914e+05
2.3647e+05
2.2186e+05
2.2959e+05
2.5501e+05
2.8155e+05
2.9900e+05
2.6599e+05
2.4105e+05
2.3548e+05
2.5288e+05
2.7218e+05
2.5610e+05
2.4903e+05
2.3034e+05
2.3967e+05
2.6590e+05
2.8597e+05
2.8987e+05
2.6802e+05
2.4523e+05
2.4079e+05
2.5802e+05
2.7527e+05
2.5078e+05
2.4355e+05
2.3476e+05
2.3677e+05
2.6142e+05
2.9626e+05
2.9436e+05
2.7872e+05
2.6286e+05
2.4656e+05
2.6430e+05
2.7110e+05
2.4926e+05
2.5368e+05
2.3955e+05
2.5368e+05
2.8399e+05
3.1352e+05
3.1865e+05
2.9710e+05
2.6630e+05
2.5001e+05
2.6739e+05
2.8353e+05
2.5115e+05
2.6077e+05
2.4679e+05
2.5436e+05
2.8473e+05
3.2431e+05
3.2298e+05
2.9480e+05
2.6540e+05
2.5253e+05
2.7073e+05
2.8776e+05
2.7210e+05
2.6242e+05
2.4917e+05
2.6926e+05
2.9976e+05
3.1757e+05
3.3073e+05
3.0369e+05
2.7284e+05
2.6412e+05
2.9199e+05
3.1085e+05
2.7232e+05
2.6932e+05
2.5433e+05
2.6444e+05
2.8998e+05
3.1585e+05
3.3226e+05
2.9604e+05
2.6760e+05
2.5294e+05
2.6854e+05
2.9097e+05
2.6373e+05
2.6746e+05
2.5795e+05
2.6932e+05
2.9647e+05
3.3728e+05
3.3811e+05
3.1050e+05
2.8418e+05
2.6303e+05
2.8646e+05
3.0426e+05
2.8224e+05
2.7447e+05
2.5671e+05
2.6879e+05
2.9045e+05
3.3421e+05
3.4182e+05
3.0659e+05
2.7738e+05
2.6298e+05
2.9384e+05
3.0786e+05
2.8643e+05
2.7818e+05
2.6285e+05
2.7904e+05
3.0777e+05
3.3391e+05
3.3093e+05
3.0857e+05
2.8174e+05
2.7016e+05
3.0005e+05
3.0908e+05
2.7951e+05
2.8679e+05
2.6417e+05
2.7350e+05
3.1938e+05
3.5551e+05
3.6254e+05
3.3092e+05
2.9763e+05
2.7459e+05
3.0734e+05
3.0487e+05
2.8105e+05
2.8997e+05
2.6821e+05
2.8720e+05
3.2184e+05
3.6239e+05
3.6863e+05
3.1728e+05
2.9119e+05
2.7718e+05
3.0012e+05
3.1510e+05
3.0133e+05
2.9166e+05
2.7534e+05
2.9280e+05
3.2301e+05
3.5264e+05
3.7336e+05
3.3752e+05
3.0778e+05
2.8630e+05
3.0770e+05
3.2626e+05
3.0502e+05
2.9465e+05
2.7809e+05
2.8816e+05
3.2817e+05
3.6026e+05
3.5190e+05
3.2246e+05
2.9175e+05
2.7804e+05
3.0820e+05
3.2138e+05
2.8687e+05
2.8377e+05
2.6577e+05
2.7519e+05
3.0496e+05
3.3801e+05
3.4505e+05
3.1106e+05
2.8735e+05
2.6788e+05
3.0959e+05
3.3184e+05
2.9844e+05
2.9251e+05
2.6703e+05
2.8371e+05
3.3089e+05
3.6901e+05
3.7173e+05
3.2771e+05
2.8781e+05
2.7487e+05
3.1894e+05
3.3408e+05
2.9688e+05
2.9204e+05
2.7519e+05
2.8803e+05
3.2874e+05
3.7069e+05
3.7275e+05
3.2626e+05
2.8814e+05
2.7522e+05
3.0183e+05
3.1081e+05
2.8618e+05
2.8261e+05
2.7035e+05
2.9542e+05
3.2446e+05
3.7021e+05
3.6398e+05
3.1787e+05
2.9004e+05
2.7918e+05
2.9567e+05
3.1748e+05
2.8868e+05
2.9450e+05
2.7503e+05
2.8591e+05
3.1742e+05