X
14.7630
14.6490
15.0850
16.3760
16.9260
16.7740
16.4900
15.7690
15.1800
14.3830
14.4780
14.3640
13.9280
13.2830
13.7000
15.4650
16.2430
16.4900
16.2430
15.7870
15.4460
14.6490
13.7760
13.1880
13.2830
12.6570
12.9790
13.9090
14.5350
14.8770
14.8580
14.2880
13.9470
13.4160
12.9030
13.4540
13.4910
13.5670
13.3970
14.4400
15.1610
15.4270
15.6930
15.1420
14.7630
14.2880
13.0740
12.5430
12.2390
12.0110
12.8270
13.5670
13.5480
13.3020
13.1880
13.1120
12.8270
12.2010
11.9170
11.8030
11.1570
10.8920
11.1200
12.6000
13.2830
13.4160
13.3400
13.5290
13.7760
14.3070
13.8520
13.8330
13.1690
12.9410
13.1880
14.3830
14.7630
15.2180
15.1610
14.8580
14.1560
13.5860
13.1500
14.1370
14.2310
14.3640
13.8330
14.4780
15.0090
15.6170
16.1480
15.9770
15.1420
14.5920
14.3640
14.4970
14.5540
14.9910
15.8630
17.9320
19.1840
19.1840
18.9560
18.2540
17.5140
16.6600
16.3380
16.3190
17.4570
17.1730
17.8560
18.5960
18.5580
18.1590
17.6850
16.8120
16.0720
15.3320
14.4780
14.2130
13.7380
13.1690
12.5810
13.2450
13.8520
14.1750
14.2880
13.9850
13.4350
12.8840
12.4290
12.4100
13.3970
13.9090
13.8330
14.0990
14.6870
14.6110
14.3830
13.9090
13.3590
12.2960
12.1060
11.8030
12.3530
12.2200
12.8270
14.2500
15.0850
14.9530
14.4400
13.8900
13.0360
12.2010
11.4040
11.3090
10.9870
10.3610
10.3040
11.3470
11.7840
11.8410
11.8410
11.6510
11.4040
10.8730
10.2090
10.0760
10.2470
10.1330
10.7400
11.5560
12.2010
12.5050
12.7320
12.2010
12.0680
11.2900
11.1390
11.1010
10.3420
10
11.3470
12.7700
13.3210
13.3400
13.1880
12.6760
12.3150
12.0490
11.5940
11.2520
12.4670
13.4910
13.4910
14.1560
15.2560
15.5980
16.0340
15.5980
14.5160
13.4350
12.6380
12.1060
12.1440
12.9790
11.9170
15.0660
15.1990
15.4270
15.4270
15.4080
14.7060
14.1370
13.3020
12.9790
13.0360
12.9030
13.7190
14.8010
15.5410
15.6170
15.5030
15.2180
14.5920
13.8520
13.4160
13.0550
12.3150
12.2390
12.5620
13.8900
14.6870
15.3130
15.4080
15.0280
14.7820
14.2130
13.4350
13.6620
14.2880
13.4910
13.1500
13.5860
13.8710
14.1750
14.0990
13.7190
13.0930
12.5620
12.0300
12.1440
11.8600
12.4100
12.7700
14.6300
15.2180
15.9200
15.8820
15.7500
15.2750
14.8010
14.5540
14.3450
15.1040
14.5540
14.9530
15.9580
17.5900
18.8050
18.8050
18.3300
17.4760
16.8120
16.2240
15.5410
14.7440
14.4780
14.7250
16.3190
17.3240
17.6090
17.2110
16.5460
15.9770
15.4270
14.9720
14.5350
14.2130
13.7190
15.0090
16.3190
17.0780
17.9130
18.1590
17.7040
17.0590
17.2680
16.5460
16.0720
15.9960
15.2940
15.9010
16.3000
16.5460
17.4950
17.6660
16.9640
16.1480
15.4270
14.8390
14.2690
14.1180
14.1560
14.0800
16.4140
18.2160
19.2980
18.8240
18.3680
17.8750
16.8690
16.1290
15.7120
15.6170
15.1610
16.1480
17.6090
18.4060
18.4630
18.2540
17.6090
16.8120
15.7120
15.0660
14.7630
14.8770
15.3700
15.7310
15.9960
16.2240
16.1860
16.0150
15.4460
14.5730
14.0800
13.2260
12.9790
14.4590
15.6550
15.6360
17.1540
17.3810
17.1160
16.7360
16.1670
15.9200
15.4080
15.0660
15.7690
15.7870
15.8630
17.1540
18.1780
18.6530
18.6150
18.4060
17.8370
17.0780
16.4710
16.2240
16.3950
17.4000
18.6720
19.0890
19.8290
20
19.9430
19.5260
18.9750
18.4630
17.2680
16.4140
16.4140
16.7550
16.7360
17.1730
17.6470
18.2160
18.7670
18.5390
18.2730
17.4190
16.6790
15.9960
15.4650
15.4080
15.1230
16.0720
17.6850
18.2350
18.0640
17.8180
17.4380
16.8120
17.1160
17.2110
17.0970
17.4950
17.0970
18.1210
18.7480
18.7670
18.5390
18.1020
17.8180
17.0020
16.3570
15.5600
15.3130
14.7820
13.7190
14.8390
15.8250
17.3240
17.7230
17.6850
17.5140
16.9070
15.8630
14.9340
14.7060
14.3830
14.3450
14.7630
15.9580
16.6980
16.7930
17.2300
16.5090
15.7870
14.9910
14.0800
14.3260
14.4970
13.5100
13.6620
14.0420
14.2690
14.4780
14.9720
14.9720
14.5730
13.7760
13.0170
12.6000
12.2960
13.1310
13.9660
15.0280
15.8440
15.7690
15.2370
14.8010
14.1370
13.8900
13.4160
13.8710
14.4780
14.7250
14.7630
15.8060
16.5650
17.0970
17.3060
17.2110
16.7170
15.7870
14.8010
14.2310
13.9660
14.0040
15.3130
16.3570
17.7420
17.6090
17.2490
17.0780
16.5090
15.4650
14.7060
14.2130
13.6620
13.9280
14.5160
15.1800
15.3510
15.5790
15.4460
15.1990
14.7250
14.3830
14.2310
13.7760
13.1500
12.7130
13.2830
14.4780
14.8580
14.7820
14.3070
14.0230
13.5290
12.9220
12.4100
11.9360
11.7840
11.9920
12.6190
13.6620
14.2310
14.0990
13.8330
13.4160
12.9220
11.9740
11.4610
11.4230
11.8600
12.1630
13.2260
13.9660
14.5350
14.5160
14.2310
13.9660
13.7380
13.2260
12.9980
13.1310
13.7000
13.8140
14.3830
15.0470
15.6930
15.8440
15.7120
15.3130
14.7630
13.5480
13.5860
14.5160
14.3830
14.4970
14.7440
15.8060
16.5270
16.5460
16.7170
16.4330
15.7690
15.2750
15.1230
15.5410
15.8250
16.3760
16.3570
16.9070
17.0210
17.4190
17.5330
17.2680
16.6030
15.8250
15.4460
15.6360
15.6930
16.7550
16.5090
17.7230
18.6910
19.1270
19.5640
19.2030
18.2160
17.2110
16.6600
16.8310
15.7690
15.7310
15.9960
17.0210
17.5520
17.8370
17.8560
17.5710
17.0780
16.6600
16.4330
16.5840